10111001
11011100
01101110
00110111
10011011
01001101
00100110
10010011
01001001
00100100
10010010
11001001
01100100
00110010
00011001
00001100
00000110
00000011
10000001
11000000
11100000
01110000
10111000
01011100
00101110
10010111
01001011
00100101
00010010
10001001
11000100
11100010
01110001
00111000
00011100
10001110
01000111
00100011
00010001
00001000
00000100
00000010
00000001
10000000
01000000
10100000
11010000
01101000
00110100
00011010
10001101
11000110
11100011
11110001
01111000
10111100
01011110
00101111
00010111
00001011
10000101
11000010
11100001
11110000
11111000
11111100
11111110
11111111
01111111
00111111
10011111
01001111
00100111
00010011
00001001
10000100
01000010
10100001
01010000
00101000
10010100
11001010
11100101
11110010
11111001
01111100
10111110
01011111
10101111
01010111
10101011
01010101
10101010
11010101
11101010
01110101
00111010
00011101
00001110
00000111
10000011
11000001
01100000
00110000
00011000
10001100
01000110
10100011
01010001
10101000
11010100
01101010
00110101
10011010
11001101
01100110
00110011
10011001
01001100
10100110
11010011
11101001
11110100
11111010
11111101
01111110
10111111
11011111
11101111
11110111
01111011
00111101
10011110
11001111
01100111
10110011
11011001
11101100
01110110
10111011
11011101
11101110
01110111
00111011
10011101
01001110
10100111
01010011
10101001
01010100
00101010
10010101
01001010
10100101
01010010
00101001
00010100
10001010
01000101
00100010
10010001
01001000
10100100
11010010
01101001
10110100
01011010
00101101
00010110
10001011
11000101
01100010
00110001
10011000
11001100
11100110
01110011
00111001
10011100
11001110
11100111
11110011
01111001
00111100
00011110
10001111
11000111
01100011
10110001
11011000
01101100
00110110
00011011
00001101
10000110
01000011
00100001
00010000
10001000
01000100
10100010
11010001
11101000
01110100
10111010
01011101
10101110
11010111
11101011
11110101
01111010
10111101
11011110
01101111
10110111
11011011
11101101
11110110
11111011
01111101
00111110
00011111
00001111
10000111
11000011
01100001
10110000
01011000
00101100
10010110
11001011
01100101
10110010
01011001
10101100
11010110
01101011
10110101
11011010
01101101
10110110
01011011
10101101
01010110
00101011
00010101
00001010
00000101
10000010
01000001
00100000
10010000
11001000
11100100
01110010
-------Wygenerowana sekwencja------ 
100111
