101110010001
010111001000
001011100100
100101110010
110010111001
111001011100
111100101110
011110010111
001111001011
000111100101
000011110010
000001111001
000000111100
100000011110
010000001111
101000000111
110100000011
011010000001
101101000000
010110100000
001011010000
000101101000
100010110100
110001011010
111000101101
111100010110
111110001011
111111000101
011111100010
001111110001
000111111000
000011111100
100001111110
010000111111
001000011111
000100001111
100010000111
010001000011
101000100001
010100010000
101010001000
110101000100
011010100010
101101010001
010110101000
001011010100
000101101010
000010110101
000001011010
000000101101
100000010110
010000001011
101000000101
010100000010
101010000001
010101000000
001010100000
100101010000
010010101000
101001010100
010100101010
101010010101
110101001010
111010100101
111101010010
111110101001
011111010100
001111101010
100111110101
110011111010
111001111101
011100111110
101110011111
110111001111
011011100111
001101110011
100110111001
110011011100
011001101110
101100110111
110110011011
111011001101
111101100110
011110110011
001111011001
000111101100
100011110110
010001111011
001000111101
100100011110
110010001111
111001000111
011100100011
-------Wygenerowana sekwencja------ 
1000100111
